Speed = [0,1,2,3,4,5,6,7,8,9,10,11,12,13,14,15,16,17,18,19,20,21,22,23,24,25,26,27,28,29,30,31,32,33,34,35,36,37,38,39,40,41,42,43,44,45,46,47,48,49,50,51,52,53,54,55,56,57,58,59,60,61,62,63,64,65,66,67,68,69,70,71,72,73,74,75,76,77,78,79,80,81,82,83,84,85,86,87,88,89,90,91,92,93,94,95,96,97,98,99,100,101,102,103,104,105,106,107,108,109,110,111,112,113,114,115,116,117,118,119,120,121,122,123,124,125,126,127,128,129,130,131,132,133,134,135,136,137,138,139,140,141,142,143,144,145,146,147,148,149,150,151,152,153,154,155,156,157,158,159,160,161,162,163,164,165,166,167,168,169,170,171,172,173,174,175,176,177,178,179,180,181,182,183,184,185,186,187,188,189,190,191,192,193,194,195,196,197,198,199,200,201,202,203,204,205,206,207,208,209,210,211,212,213,214,215,216,217,218,219,220,221,222,223,224,225,226,227,228,229,230,231,232,233,234,235,236,237,238,239,240,241,242,243,244,245,246,247,248,249,250,251,252,253,254,255,256,257,258,259,260,261,262,263,264,265,266,267,268,269,270,271,272,273,274,275,276,277,278,279,280,281,282,283,284,285,286,287,288,289,290,291,292,293,294,295,296,297,298,299,300,301,302,303,304,305,306,307,308,309,310,311,312,313,314,315,316,317,318,319,320,321,322,323,324,325,326,327,328,329,330,331,332,333,334,335,336,337,338,339,340,341,342,343,344,345,346,347,348,349,350,351,352,353,354,355,356,357,358,359,360,361,362,363,364,365,366,367,368,369,370,371,372,373,374,375,376,377,378,379,380,381,382,383,384,385,386,387,388,389,390,391,392,393,394,395,396,397,398,399,400,401,402,403,404,405,406,407,408,409,410,411,412,413,414,415,416,417,418,419,420,421,422,423,424,425,426,427,428,429,430,431,432,433,434,435,436,437,438,439,440,441,442,443,444,445,446,447,448,449,450,451,452,453,454,455,456,457,458,459,460,461,462,463,464,465,466,467,468,469,470,471,472,473,474,475,476,477,478,479,480,481,482,483,484,485,486,487,488,489,490,491,492,493,494,495,496,497,498,499,500]*10;
Peak_Torque = [240,240,240,240,240,240,240,240,240,240,240,240,240,240,240,240,240,240,240,240,240,240,240,240,240,240,240,240,240,240,240,240,240,240,240,240,240,240,240,240,240,240,240,240,240,240,240,240,240,240,240,240,240,240,240,240,240,240,240,240,240,240,240,240,240,240,240,240,240,240,240,240,240,240,240,240,240,240,240,240,240,240,240,240,240,240,240,240,240,240,240,240,240,240,240,240,240,240,240,240,240,240,240,240,240,240,240,240,240,240,240,240,240,240,240,240,240,240,240,240,240,240,240,240,240,240,240,240,240,240,240,240,240,240,240,240,240,240,240,240,240,240,240,240,240,240,240,240,240,240,240,240,240,240,240,240,240,240,240,240,240,240,240,240,240,240,240,240,240,240,240,240,240,240,240,240,240,240,240,240,240,240,240,240,240,240,240,240,240,240,240,240,240,240,240,240,240,240,240,240,240,240,240,240,240,240,240,240,240,240,240,240,240,240,240,240,240,240,240,240,240,240,240,240,239.925,239.846,239.767,239.689,239.61,239.531,239.47,239.428,239.386,239.344,239.303,239.261,239.219,239.177,239.135,239.093,239.051,239.009,238.968,238.926,238.884,238.819,238.693,238.567,238.442,238.316,238.19,238.065,237.939,237.814,237.688,237.562,237.437,237.311,237.185,237.06,236.943,236.943,236.943,236.943,236.943,236.943,236.943,236.943,236.943,236.943,236.943,236.943,236.943,236.943,236.943,236.915,236.834,236.753,236.672,236.591,236.509,236.428,236.347,236.266,236.185,236.103,236.022,235.941,235.86,235.778,235.697,235.633,235.579,235.524,235.469,235.414,235.36,235.305,235.25,235.196,235.141,235.086,235.032,234.977,234.922,234.867,234.813,234.758,234.703,234.649,234.594,234.539,234.485,234.43,234.375,234.319,234.263,234.207,234.151,234.096,234.04,233.984,233.928,233.872,233.816,233.761,233.705,233.649,233.593,233.537,233.481,233.425,233.37,233.314,233.258,233.202,233.146,233.069,232.973,232.877,232.781,232.686,232.59,232.494,232.399,232.303,232.207,232.111,232.016,231.92,231.824,231.728,231.633,231.537,231.441,231.346,231.25,231.154,231.058,230.963,230.867,230.771,230.676,230.58,230.508,230.437,230.366,230.296,230.225,230.155,230.084,230.014,229.943,229.873,229.802,229.732,229.661,229.591,229.52,229.45,229.379,229.308,229.238,229.167,229.097,229.026,228.956,228.885,228.815,228.744,228.674,228.592,228.508,228.425,228.341,228.257,228.173,228.089,228.006,227.922,227.838,227.754,227.671,227.587,227.503,227.419,227.336,227.252,227.168,227.084,227.001,226.917,226.833,226.749,226.666,226.582,226.498,226.414,226.331,226.247,226.163,226.056,225.916,225.777,225.637,225.497,225.358,225.218,225.079,224.939,224.799,224.66,224.52,224.381,224.241,224.101,223.962,223.822,223.683,223.543,223.403,223.264,223.124,222.985,222.828,222.661,222.493,222.325,222.158,221.99,221.823,221.655,221.488,221.32,221.153,220.985,220.818,220.65,220.483,220.315,220.148,219.98,219.813,219.645,219.478,219.31,219.143,219.028,218.928,218.827,218.727,218.626,218.526,218.425,218.325,218.224,218.124,218.023,217.923,217.822,217.722,217.621,217.521,217.42,217.32,217.219,217.132,217.048,216.964,216.881,216.797,216.713,216.629,216.534,216.385,216.236,216.087,215.938,215.803,215.684,215.551];
